"","unit.class","x","y","neurons","sigma1","sigma2","sigma3","sigma4","sigma5"
"1",0,0,0,0,0,0,0,0,0
"2",18,4,3,5,0.0243411102452401,0.0246884187822509,0.0248890888042069,0.0271064978555091,0.0251329405976202
"3",18,4,3,10,0.0257258182941871,0.0254045769429836,0.0243263323274467,0.0246849631867275,0.0242870765227215
"4",18,4,3,30,0.0265927064268749,0.0378484677404069,0.026400435316651,0.0278275668930083,0.0281652039446239
"5",18,4,3,50,0.0218948705588857,0.0281373772182972,0.0477179479190386,0.0182991114113087,0.0428164125536706
"6",18,4,3,70,0.0387954845732832,0.0389416649830364,0.0428665736002948,0.0184292020613112,0.0287585363043304
"7",18,4,3,90,0.0409953627506946,0.026651955242289,0.0275507655630376,0.0421548698713398,0.0428362321573617
"8",43,1,7,5,0.0129447099903656,0.00501976481331902,0.0210281372354192,0.011969927097736,0.0121366871135757
"9",43,1,7,10,0.00746605397210792,0.012853001101617,0.0121133896573729,0.0123770555311364,0.0120962614511272
"10",43,1,7,30,0.0566379265839637,0.0124270617451967,0.0182685889507902,0.0217140054918415,0.0122740103941122
"11",43,1,7,50,0.0261443626732649,0.0223635271993286,0.00151104280131353,0.0020749130403324,0.051884285118606
"12",43,1,7,70,0.00148634219987475,0.0815191264296315,0.0419577937403838,0.0151059053499212,0.0182313343609597
"13",43,1,7,90,0.0535860678970297,0.0358552713182176,0.09616353266936,0.123215242870906,0.00555527533837791
"14",39,4,6,5,0.0300328642545392,0.0294555428812544,0.0328296414035829,0.0311675152744507,0.0303368156303341
"15",39,4,6,10,0.0319325466830258,0.031921019905763,0.036771906677759,0.0318312379190207,0.0164318989662141
"16",39,4,6,30,0.0163995531675734,0.0293374560140323,0.0354099533579623,0.0216214828843143,0.0354782781783792
"17",39,4,6,50,0.0183552165935362,0.0210410441286304,0.0330104444145143,0.0373070790897054,0.0296858546088639
"18",39,4,6,70,0.0351495622938452,0.0191427220692071,0.019649300600382,0.0382418872006462,0.0223099930847051
"19",39,4,6,90,0.01644834073819,0.0763098146122642,0.0244020028391506,0.037572029384932,0.0355158981121949
"20",13,6,2,5,0.0467425216782498,0.0464168145713397,0.046744391544682,0.0467496510239299,0.0467382865043054
"21",13,6,2,10,0.0464233582191717,0.047357021645461,0.0466527822212946,0.0466613371908794,0.0468580595516999
"22",13,6,2,30,0.0289937008959186,0.0514511582586703,0.0318244427122918,0.0464095567203209,0.0519607070075275
"23",13,6,2,50,0.0500618458043407,0.0422538866127156,0.0186160790385591,0.0450208735131293,0.0742605883767436
"24",13,6,2,70,0.0381096566794724,0.0347248862323333,0.0491099028813402,0.0501438526256441,0.0178729370389695
"25",13,6,2,90,0.0423670846316182,0.0449628536843519,0.0641069563432804,0.0494900531559965,0.023085141348191
"26",11,4,2,5,0.034379079870769,0.0344642977329935,0.0343784905485313,0.0343878379650519,0.0346663178154498
"27",11,4,2,10,0.0333809092452668,0.0342894467209119,0.034374061230472,0.0345366597981756,0.0372430853870419
"28",11,4,2,30,0.0374100782996549,0.034108728450407,0.0332724225291704,0.0344263351427776,0.0306620109145407
"29",11,4,2,50,0.0244001618829849,0.0324651205162678,0.0239764717560606,0.0389753929002359,0.0285340392189598
"30",11,4,2,70,0.0549945261245467,0.037632870577633,0.0338259923481899,0.0320040350714585,0.0387098181242308
"31",11,4,2,90,0.0419511119692609,0.0321994086798895,0.0377960291049111,0.0374298833846564,0.0341285466982154
"32",27,6,4,5,0.0260915878467462,0.0293569446928307,0.0277996283602685,0.0288629161037196,0.0281084801423168
"33",27,6,4,10,0.0293580133546722,0.0215653526334239,0.029662732112511,0.0294013140644499,0.0248543070698275
"34",27,6,4,30,0.0313015710443676,0.02971588595471,0.029477071208312,0.0196979997328916,0.0376186595570071
"35",27,6,4,50,0.0330534283736346,0.0444987030631174,0.033792762696527,0.0410121616724345,0.0363478766111958
"36",27,6,4,70,0.032064539320678,0.0282885259874732,0.0266245675297269,0.0258379510667206,0.0287839733505524
"37",27,6,4,90,0.0297370666487399,0.0294410493720793,0.0380435978711327,0.0304423829187369,0.0278010302566442
"38",23,2,4,5,0.0498178239648776,0.0508442724767923,0.0483752505130364,0.0511607100517247,0.050493357230434
"39",23,2,4,10,0.0460201858924425,0.0425638902705359,0.0347051926283927,0.0509670513331126,0.0496968957824353
"40",23,2,4,30,0.0543915852613206,0.0682557446289969,0.0508565807499177,0.0495822560899917,0.0460882182665572
"41",23,2,4,50,0.0507694412755322,0.0548850421066695,0.0485607328858501,0.0591019663743919,0.0314609667546547
"42",23,2,4,70,0.0494443268245973,0.0555504821569331,0.0668644194932246,0.0662839878979183,0.061425439053104
"43",23,2,4,90,0.0272512653094105,0.047560349219881,0.0389154420129174,0.0256105795703046,0.0393265173633512
"44",10,3,2,5,0.0354214204169853,0.0353494658516382,0.0354414862101157,0.0353260831687516,0.0354288540984563
"45",10,3,2,10,0.0364268580121379,0.0378706026831647,0.0354223771412919,0.0353359621352997,0.0354239206135906
"46",10,3,2,30,0.0339271132592991,0.0344362235249205,0.0437924494295638,0.0382347426104068,0.0486121540075003
"47",10,3,2,50,0.0329803401812444,0.0634184720192088,0.0349912320129042,0.0313003971950935,0.0382100987542781
"48",10,3,2,70,0.043214163663331,0.0317313694299424,0.0321980187431012,0.0513752013755792,0.040974287305206
"49",10,3,2,90,0.0585896901466617,0.0373221671213952,0.0307830548823371,0.0294169567488806,0.0196949925616887
"50",16,2,3,5,0.083362434630073,0.0603054928885208,0.0602220354792949,0.0608525881645694,0.0603437042293764
"51",16,2,3,10,0.059276640167043,0.0607304212117341,0.0520344425333863,0.0612809301637474,0.0602760386831446
"52",16,2,3,30,0.062422065882937,0.0621589054433324,0.0495888153199211,0.0653141737040708,0.0609787331251702
"53",16,2,3,50,0.0580674549295254,0.0342089786231979,0.0373548044568671,0.0673826010806045,0.0611859127385611
"54",16,2,3,70,0.0343289787964479,0.0572451360446625,0.0577970404893756,0.0592471368321503,0.0470939623905544
"55",16,2,3,90,0.0735101300623045,0.0604897755322041,0.025000088110551,0.0655218721369891,0.0319278581451141
"56",36,1,6,5,0.0517214893387171,0.0515051289226664,0.0517968239474981,0.0520483511043353,0.0525083335653538
"57",36,1,6,10,0.0520397271757735,0.0597900187083609,0.0519651335063905,0.0518521083850398,0.0521482327408181
"58",36,1,6,30,0.0562548737826344,0.0519079260153436,0.0609614797565975,0.0492643661867286,0.0859565638725272
"59",36,1,6,50,0.0603742998584023,0.0578708329791521,0.0822338722090779,0.0665597102112546,0.0626491734545625
"60",36,1,6,70,0.0487671221251115,0.038867864122188,0.0346899998786672,0.0524146416371136,0.0745975271506725
"61",36,1,6,90,0.0592915522724811,0.0848138312149505,0.0551784585802837,0.0514924190847863,0.058412499129895
"62",48,6,7,5,0.010714393333009,0.00375886511244223,0.00166952051607892,0.0023832987878979,0.00522440777961497
"63",48,6,7,10,0.00206283131760355,0.00124868579054013,0.0106931515181678,0.00177240672686426,0.00363127846239984
"64",48,6,7,30,0.00942461201653931,0.00778398877666232,0.0197977064494085,0.006064558526627,0.00560337741163089
"65",48,6,7,50,0.00117701659119852,0.0119532706633353,0.00396701395021217,0.0290923414971364,0.00339048503113609
"66",48,6,7,70,0.0119420368709525,0.00399635900924071,0.0258824645625677,0.00424248034438151,0.0200858710321054
"67",48,6,7,90,0.00838177440833194,0.0291578856683535,0.0242967453287309,0.0319159511344614,0.0167278690495551
"68",33,5,5,5,0.0842780118736393,0.0929666636344654,0.0829233075918344,0.0828734310100176,0.0837473743741846
"69",33,5,5,10,0.0829826138164005,0.0838614657727514,0.0845737358763836,0.0740457274016273,0.078728339472817
"70",33,5,5,30,0.0836622742502234,0.084482468104872,0.0849526731960565,0.0841190643299333,0.0709574272843185
"71",33,5,5,50,0.0603055942185991,0.0947983242637758,0.0899202480955777,0.0829299608376955,0.0698401587001204
"72",33,5,5,70,0.0593533332507167,0.0779406757482751,0.0739650720138459,0.108554581643678,0.0890423412931739
"73",33,5,5,90,0.0804684929636412,0.11198481874055,0.0443923120638044,0.100688871600707,0.0898173577732953
"74",40,5,6,5,0.0191414767122435,0.0181653979252992,0.0179680891147994,0.0194524187327098,0.0178709486064735
"75",40,5,6,10,0.0214814887830357,0.0179785046329384,0.0185109189113052,0.0177699427692274,0.0181267856541139
"76",40,5,6,30,0.023006467692032,0.0197425504151737,0.0388675749229241,0.0180260610119346,0.0193395591096237
"77",40,5,6,50,0.0275448182884384,0.0184473188068617,0.027626482165984,0.0274583030513756,0.0179771499316622
"78",40,5,6,70,0.0250071138641034,0.0342176257646762,0.0373899184026236,0.0279936965404224,0.0267781496762273
"79",40,5,6,90,0.0508147923040019,0.0201291588908455,0.0233051962775531,0.0133015266662734,0.0257651055154921
"80",46,4,7,5,0.0523797181438196,0.0513268715911155,0.0569652069914814,0.0503632134316133,0.0498942171148951
"81",46,4,7,10,0.0516256984746408,0.0540948379732443,0.0301372518282273,0.0513222880916634,0.0514721657749777
"82",46,4,7,30,0.0519720653813712,0.0507427523921739,0.0196030599716457,0.0405320082968305,0.0518169220505143
"83",46,4,7,50,0.0553175098846955,0.0186693025672269,0.0692272921592835,0.0553132724342505,0.0483008878487684
"84",46,4,7,70,0.0307202447294356,0.0277017328925861,0.0208911132308486,0.0573118202487399,0.0780362494898873
"85",46,4,7,90,0.051270028192848,0.0578769692530228,0.0503253138201795,0.0149618662021578,0.0331442790826097
"86",45,3,7,5,0.0369626921286439,0.0394700205158911,0.032898127061684,0.0394815378389096,0.0393814215185841
"87",45,3,7,10,0.0392024019353076,0.0389498891158401,0.035077319879439,0.0433818758498931,0.0396522378015322
"88",45,3,7,30,0.0443324993370824,0.0526424217906645,0.0371506951438767,0.0327050478026029,0.0427026409534173
"89",45,3,7,50,0.0435084868023001,0.0430033134254718,0.0454775530713357,0.035921062683539,0.0340713349772945
"90",45,3,7,70,0.041819960193394,0.0546807932389158,0.0418837371006872,0.0474992161628598,0.0307824756309436
"91",45,3,7,90,0.0412952408575753,0.0151654045779127,0.00916684365995567,0.0337842487535737,0.0431587548377617
"92",24,3,4,5,0.0616435545105162,0.0617775483406254,0.0617300236677854,0.0612622852412541,0.0617777895208283
"93",24,3,4,10,0.0618415199748468,0.0613112682167091,0.0407824805605071,0.0615889986537106,0.0580241545881472
"94",24,3,4,30,0.0700018524089089,0.0758252380765894,0.0765182376712958,0.0622444834329355,0.07233143979449
"95",24,3,4,50,0.0736534772917853,0.073327485979207,0.0571625218729243,0.0606633039045111,0.0856772759366405
"96",24,3,4,70,0.0504619747612711,0.0648404924926335,0.0647369429093517,0.0764737126894668,0.0645018220133021
"97",24,3,4,90,0.0888482081176822,0.0551020372419789,0.0653999014015982,0.0922292648253967,0.034297127797676
"98",32,4,5,5,0.0841344576342797,0.0841474428442997,0.0836688623975598,0.0841962199954653,0.0722245031445408
"99",32,4,5,10,0.0739265537175223,0.0845526509566676,0.0836741390219763,0.0828930417830592,0.0842109599757206
"100",32,4,5,30,0.0816127682858364,0.0492414253498246,0.0788402006447157,0.0751164041976574,0.0837355884056932
"101",32,4,5,50,0.0510261046975607,0.0562368171290615,0.0384613472198195,0.0702693803491337,0.0802007735210037
"102",32,4,5,70,0.0441815454177574,0.0737640000330819,0.0350029333078496,0.0302738905141902,0.0763213786629348
"103",32,4,5,90,0.0764982201178872,0.0677706387107183,0.0635997379909234,0.0772622765037647,0.0453613254789482
"104",47,5,7,5,0.0158215417138317,0.0249376929946655,0.0150644433706895,0.0242769875928166,0.0244422891490421
"105",47,5,7,10,0.0120136831476672,0.0629612528640944,0.0245053426444845,0.0627096324114561,0.0244041610445893
"106",47,5,7,30,0.0194406828701364,0.0203347636284275,0.0230168315799466,0.025925429350202,0.0622145559423829
"107",47,5,7,50,0.0329952308004119,0.067106200410127,0.0277931459943654,0.0618950958293223,0.0239049916978607
"108",47,5,7,70,0.0276121369930808,0.0182444700804629,0.0292691279102259,0.0311071166391896,0.0207569880953577
"109",47,5,7,90,0.0220496979039492,0.0603966863901001,0.0161426517238586,0.00715635227737591,0.0266255450850174
"110",26,5,4,5,0.0521119670373376,0.05192537053168,0.0462677417780505,0.0529973340162178,0.0526226273254692
"111",26,5,4,10,0.0506059422776254,0.0528492272722878,0.050822115724687,0.0581324579283033,0.047962402420467
"112",26,5,4,30,0.0561251540650218,0.0587811378803906,0.0476909008010317,0.0683853655221951,0.0565915321690205
"113",26,5,4,50,0.0277727895490779,0.0646792535271674,0.0594348749447327,0.0629967172758076,0.0529980482223989
"114",26,5,4,70,0.0557910731141519,0.0437808786517139,0.0398224989985567,0.0472118983048113,0.0435809745901753
"115",26,5,4,90,0.0688567831440273,0.0669141425765142,0.0370067546857769,0.071129475289982,0.0507916104670528
"116",25,4,4,5,0.0512385848355233,0.0456532219290954,0.0442916412904599,0.0456911233606921,0.0456622628447132
"117",25,4,4,10,0.0456650179781067,0.0456117203249008,0.0456610424460161,0.0441461440181434,0.0457071811345743
"118",25,4,4,30,0.0519461153792687,0.0457377048140846,0.050978176835552,0.0455230186651912,0.0495241779166515
"119",25,4,4,50,0.0453503911695252,0.0473365337223056,0.0552758981220826,0.050574656562049,0.0493067653917496
"120",25,4,4,70,0.0328587943884838,0.0510648697797592,0.0555646750453929,0.0479883173059409,0.0526493532414872
"121",25,4,4,90,0.0540776175021923,0.0546334487481617,0.0527220479862357,0.0459118554492241,0.0479302813238886
"122",29,1,5,5,0.0264644356095724,0.0258327933825688,0.0260085209398984,0.0258294392437215,0.0257343191903485
"123",29,1,5,10,0.0235237429801188,0.0449768282546381,0.0254303357990708,0.0256380903780443,0.0258304358890898
"124",29,1,5,30,0.0254675343341792,0.00820338863639386,0.0219386461113804,0.0151980752123025,0.00942809795629812
"125",29,1,5,50,0.0235065248925191,0.0252671139895505,0.0204868112692097,0.0338100067053191,0.0235384595041317
"126",29,1,5,70,0.0318748597221711,0.0110659761042799,0.0245872832956616,0.0651532877975891,0.0222760431850992
"127",29,1,5,90,0.0285163823263274,0.0277139547743953,0.0350615206557128,0.0231308037451399,0.0103029349250163
"128",2,2,1,5,0.157117664406123,0.157329460101769,0.157085398812626,0.155604062695899,0.15580724503038
"129",2,2,1,10,0.156165794980674,0.157351675678278,0.157047636265737,0.153256319991794,0.171885180580819
"130",2,2,1,30,0.180992665551588,0.128986739243199,0.147105176831514,0.15523992160413,0.173283283917506
"131",2,2,1,50,0.166624670475757,0.147847249612902,0.1635651184709,0.152908099841474,0.18565581460233
"132",2,2,1,70,0.157937022285944,0.15906336649952,0.168274407623738,0.125341469735695,0.162871570362714
"133",2,2,1,90,0.143292203686095,0.120975555306634,0.17031001265849,0.148952508865908,0.141473098265313
"134",5,5,1,5,0.0874723244789167,0.0873723676200646,0.0870610887816751,0.0877158332432959,0.0874746826575714
"135",5,5,1,10,0.0874151530777243,0.0887781371811664,0.0874722623580291,0.0881684180282968,0.0874681506595019
"136",5,5,1,30,0.0872334182301448,0.092837718726361,0.0817269604666198,0.0739459754396354,0.0860102757125403
"137",5,5,1,50,0.0610654139143549,0.0817325800667871,0.0901914271819737,0.091592408018289,0.0767805637008113
"138",5,5,1,70,0.0848937312827964,0.0891091929288347,0.0842701480646061,0.0885679794317113,0.0996238942993753
"139",5,5,1,90,0.0866793051298185,0.07900840271443,0.109825379386931,0.096735173394182,0.0849389061985425
"140",34,6,5,5,0.0512889656539364,0.0469668010810562,0.0494111924367901,0.0513039156692209,0.0512369548510243
"141",34,6,5,10,0.0497215777640049,0.051209963027431,0.0496997331473083,0.0364879684651164,0.0524479083605252
"142",34,6,5,30,0.0446194856245411,0.0470935159581857,0.0402149595886852,0.0448607597927955,0.0583155153172405
"143",34,6,5,50,0.0427479021316522,0.0559939427713099,0.0962813525178107,0.0743119176645419,0.0496135069953714
"144",34,6,5,70,0.0567083117306478,0.0754221312807696,0.042999443574681,0.0448273368267252,0.0440195348934317
"145",34,6,5,90,0.0569528743797193,0.0345617082304895,0.0308841674622072,0.0677447305252044,0.0408472340913103
"146",17,3,3,5,0.0441632058958881,0.0442375062547279,0.0441652774633769,0.0440257098577192,0.0468780204592776
"147",17,3,3,10,0.0472870955667664,0.0507379734217509,0.0441631246895412,0.0439753425119781,0.0441618092930973
"148",17,3,3,30,0.0701829259200211,0.0608574250768238,0.0437001970363068,0.0441851106722774,0.0444479707370226
"149",17,3,3,50,0.0433013791882976,0.0433788896478223,0.0434215254635611,0.0537289673570935,0.0578650632497804
"150",17,3,3,70,0.107339321421785,0.0425015921091372,0.0495463445690604,0.0460239488020712,0.0461478711519853
"151",17,3,3,90,0.0423853514302238,0.0721419686725383,0.0278294068649867,0.0427536102551731,0.052508928907048
"152",9,2,2,5,0.0201753811218511,0.0201759408088874,0.0206756249021718,0.0201549741729613,0.0201717497442993
"153",9,2,2,10,0.0201633013829012,0.0169957412122495,0.0197594813714806,0.0205749629864896,0.020255097887242
"154",9,2,2,30,0.0167238267107022,0.0167403962723493,0.0184735029980402,0.0181998227360936,0.0227817071422915
"155",9,2,2,50,0.0152284114792839,0.0191453154721506,0.0203542909442865,0.0204195216657675,0.0211707939594392
"156",9,2,2,70,0.031129980549193,0.0169404859661634,0.0263561175859035,0.0306400787347096,0.0154615106228408
"157",9,2,2,90,0.0220306688337805,0.0243480024511203,0.0348757631157683,0.0210181382615485,0.0115428236071173
"158",7,7,1,5,0.0576278111238331,0.0604150714816262,0.05763621404449,0.0576287838313159,0.0706584012184183
"159",7,7,1,10,0.0619179605206482,0.0593182409536675,0.0576160883272682,0.0575380751327947,0.0600431592522302
"160",7,7,1,30,0.0701014747958408,0.0493259201552783,0.0513565736804644,0.0580518264543228,0.0646009498231758
"161",7,7,1,50,0.0602977103507186,0.0738292201103205,0.0583642373567321,0.0570723955460325,0.0595215149064989
"162",7,7,1,70,0.0685366273882612,0.0486946916455599,0.0674344652574654,0.0464244414926132,0.0659752926002465
"163",7,7,1,90,0.0622270323129178,0.0542662795006807,0.0613402851211528,0.0825259552017172,0.064880132213909
"164",20,6,3,5,0.0958721650937598,0.092990862529655,0.0958959748702455,0.0958849145485216,0.0962871574352912
"165",20,6,3,10,0.0998709676098069,0.106598540838469,0.0666766669867036,0.0957813433388767,0.100604967891799
"166",20,6,3,30,0.00674413467437556,0.0418432093451504,0.00267310433216728,0.0864053487308209,0.0965147172524703
"167",20,6,3,50,0.132972212619359,0.0558058966004743,0.0117886133252559,0.0839261885955855,0.0941430130615717
"168",20,6,3,70,0.00754165061327335,0.0512514756205008,0.12091382923957,0.0919149234697502,0.0652592301008278
"169",20,6,3,90,0.129163860982095,0.0833077703523645,0.121783581390016,0.142885898535844,0.0676638499913575
"170",37,2,6,5,0.0214753653168113,0.0213855789212422,0.0220799607787881,0.0203747119872881,0.0214838773468301
"171",37,2,6,10,0.017966039960392,0.0216803700735104,0.0220115110995744,0.0224885697297929,0.0213354989607578
"172",37,2,6,30,0.029052122299834,0.0257555037670204,0.0212154731940233,0.0180108159418688,0.0191420993495758
"173",37,2,6,50,0.0246698494705247,0.0154207463246449,0.0214075493790514,0.0297757906490228,0.0192050282535251
"174",37,2,6,70,0.0217081748673469,0.0209002708269552,0.026962178092527,0.0209755097560437,0.0343579243134119
"175",37,2,6,90,0.0238005402935722,0.0303917115726674,0.0282215220167619,0.0200703932694963,0.0224840334463929
"176",30,2,5,5,0.0211275460680041,0.0211461686696015,0.0211447122905535,0.0210341091048133,0.0211510136145753
"177",30,2,5,10,0.0217950623336071,0.0211585438359075,0.0336984140382533,0.0208414255404149,0.0333416768654669
"178",30,2,5,30,0.0314823334365761,0.0189870529573271,0.0219207898645435,0.0146621672480489,0.0384540412178835
"179",30,2,5,50,0.0258047011703941,0.0190179951754072,0.0255909298855602,0.0172286329786996,0.025967575375694
"180",30,2,5,70,0.0337573096976574,0.0350258262234438,0.0178465174859186,0.0333006572542923,0.0194372056987193
"181",30,2,5,90,0.0237914701950756,0.0393681572413284,0.0337981578052643,0.050298662956339,0.0338777299924751
"182",12,5,2,5,0.0422338186915807,0.0361669559354658,0.0361640338689112,0.0361019915523965,0.0361440185445074
"183",12,5,2,10,0.0359086833971862,0.0353378519226494,0.0343559184299577,0.0420353743141223,0.0299529019794476
"184",12,5,2,30,0.0607197751077076,0.0359754271440583,0.028355313108118,0.0335317367645116,0.0324867803738286
"185",12,5,2,50,0.0363342838656826,0.010990384988452,0.034714828895714,0.0370337862429938,0.0262687075533298
"186",12,5,2,70,0.0348811420354196,0.0388051449645178,0.0293872808588796,0.035007121165875,0.0330421389218859
"187",12,5,2,90,0.0097936317465969,0.0147123565133422,0.0386915973328833,0.0280571445785226,0.0282658290134336
"188",28,7,4,5,0.0384975472360222,0.0262416805917906,0.0390946875564408,0.0385026038435396,0.0384913454398987
"189",28,7,4,10,0.0366915857830341,0.0399676684574138,0.0388441516456786,0.0385279571702728,0.0245559482705344
"190",28,7,4,30,0.0357549117608286,0.032828405395751,0.0353168766936945,0.0248326398675742,0.0359826672183235
"191",28,7,4,50,0.0302937169079986,0.0335854335311777,0.0414827111279023,0.0334096564077479,0.0364857801515942
"192",28,7,4,70,0.0331762820281587,0.0222338515161303,0.0278884457878144,0.0429152781309633,0.0231093658352495
"193",28,7,4,90,0.0148737152355628,0.0207113468464295,0.0257323172140014,0.0300305037346814,0.0345799728565138
"194",35,7,5,5,0.0219096313732715,0.0219072510834563,0.0220198254646035,0.021557561014555,0.0128451565464148
"195",35,7,5,10,0.0186234034729202,0.0158425142483136,0.0244208481510487,0.0213295985570194,0.0202090386268895
"196",35,7,5,30,0.0199636218465388,0.0098570018825232,0.0212027258220931,0.024693856509457,0.0235765469076535
"197",35,7,5,50,0.0391578339521349,0.0374215083816755,0.0620209681066392,0.041563375828929,0.0227704149717166
"198",35,7,5,70,0.026075553765582,0.0265124537095216,0.0362610600483511,0.0177399564292873,0.026742509034399
"199",35,7,5,90,0.0162220036481402,0.0255757897699262,0.0221303867717089,0.0620003649790948,0.00863178348806042
"200",8,1,2,5,0.090151068972684,0.0894716638286003,0.0894418894197674,0.0894616889930446,0.0895760946892501
"201",8,1,2,10,0.086355342096333,0.0895020349788479,0.0896174680360184,0.0892992834994212,0.0895518057709942
"202",8,1,2,30,0.0921937700274182,0.0733831566181252,0.0802042899754265,0.0896887319732416,0.0865926393914744
"203",8,1,2,50,0.0862861065530601,0.0904716801254628,0.0899816935376525,0.0623437291171756,0.0838401245235137
"204",8,1,2,70,0.0772063377024331,0.056157616866228,0.0803276411130993,0.060830746698622,0.0988503010798432
"205",8,1,2,90,0.0799232402307099,0.0863193950141774,0.0914726586779821,0.0759007043346377,0.0851100743319541
"206",19,5,3,5,0.0258184092061502,0.0244955450289901,0.0242423127964806,0.0233881862545958,0.0245128918661237
"207",19,5,3,10,0.0244734792437517,0.0231522864058613,0.0237750680207371,0.0272685655379173,0.0252780648502535
"208",19,5,3,30,0.0249938770535515,0.0256660771431617,0.0251930534571107,0.023403507393299,0.0257882175055854
"209",19,5,3,50,0.0387674546447132,0.0271492120012679,0.0205834497378301,0.0380134606422941,0.0309604594346672
"210",19,5,3,70,0.0194549333677574,0.0354159032599618,0.0353207740928815,0.0238141809369056,0.0248165388686323
"211",19,5,3,90,0.0308505559334473,0.0233246827679754,0.0385639229157849,0.0294134416908543,0.0244824274324906
"212",15,1,3,5,0.0441144681065003,0.0442296271951318,0.0441485759667827,0.0440774704856177,0.0440798671471504
"213",15,1,3,10,0.0462148249722763,0.0461322223521501,0.0526023811248765,0.0438998278541976,0.0447263272818285
"214",15,1,3,30,0.0426755969468941,0.0633498346007096,0.0436752851394824,0.0436554553418469,0.0352706065951984
"215",15,1,3,50,0.0463012735208906,0.0462038859578144,0.044618899669478,0.0425141304914122,0.0268975770644665
"216",15,1,3,70,0.0392073587595896,0.0410761218733605,0.0503667514638269,0.0399424629199027,0.0409107228815956
"217",15,1,3,90,0.0488444822966535,0.0194204974389216,0.0460786290183338,0.0249463247046875,0.0467417304698748
"218",3,3,1,5,0.0489569885859358,0.0551815865708089,0.055825355933997,0.0533260139584221,0.0556561623659949
"219",3,3,1,10,0.0557474793786274,0.0579736879437725,0.0554333019355275,0.0565313739585566,0.0561879942482994
"220",3,3,1,30,0.0580487749046949,0.0557155079034682,0.0407831513995909,0.0708861161388046,0.0549072221535079
"221",3,3,1,50,0.0145109921039359,0.0346788150778219,0.0361971740976273,0.0560668796069079,0.0348001822038356
"222",3,3,1,70,0.0364432444135167,0.025039939151852,0.0193017213455207,0.0583412333712437,0.0162706880997412
"223",3,3,1,90,0.0146108574485927,0.0345583629380999,0.0273814830479869,0.0157686910267042,0.0346794557366443
"224",22,1,4,5,0.0107750467897377,0.0080842021950752,0.0103156186025853,0.0102021797290272,0.0103288576110972
"225",22,1,4,10,0.010306553849229,0.0092592346765977,0.00861637124334274,0.0138221581983491,0.00789467506252144
"226",22,1,4,30,0.012874393370498,0.0152762692061808,0.0111006610147962,0.0135780080541743,0.0201506585399135
"227",22,1,4,50,0.0182159347395641,0.0646590129473591,0.0156911004071213,0.00991835782233793,0.0142410700332197
"228",22,1,4,70,0.0177717906111439,0.0256362899651526,0.0131072904265441,0.0149189780743324,0.0560899391383467
"229",22,1,4,90,0.0109913032020968,0.0125080479288683,0.013176497716049,0.0155455371297237,0.0177511479732302
"230",14,7,2,5,0.162274599922294,0.160315490311281,0.162467683805582,0.162274694116644,0.162489422339356
"231",14,7,2,10,0.162122545433258,0.162310617697468,0.145556929353786,0.162021954195438,0.170037114597111
"232",14,7,2,30,0.16356335358954,0.16821853689239,0.15793829347114,0.12184374712968,0.188458525720786
"233",14,7,2,50,0.138710992464175,0.13972792020979,0.159667170714047,0.148244908190139,0.161240080515693
"234",14,7,2,70,0.141122221511961,0.167113211104946,0.186146450884937,0.178645595739243,0.18441544501091
"235",14,7,2,90,0.213388706581448,0.15514533116378,0.156807953726451,0.197721320290677,0.159871625755717
"236",4,4,1,5,0.0524359378852803,0.0522633456357594,0.0553769318327327,0.0524373007435072,0.0524310222186528
"237",4,4,1,10,0.0501652118055191,0.0524457682691267,0.0515044436946754,0.0523986159258573,0.0523813455150873
"238",4,4,1,30,0.0522984920201468,0.0529256364903893,0.0511787955366681,0.0428649138389439,0.0517294390771832
"239",4,4,1,50,0.0538165148556443,0.0532278894735446,0.0541695113628873,0.0506497586966362,0.0490544696477944
"240",4,4,1,70,0.0387394996106893,0.0531968976486738,0.0540371159896473,0.0377503900627393,0.0489492933917212
"241",4,4,1,90,0.0534504821438448,0.0413603065689381,0.0511662005057552,0.0598137949077341,0.0513244352195817
"242",44,2,7,5,0.0238533537956634,0.0218352484366686,0.020028682597294,0.0218643190819194,0.0218238829391012
"243",44,2,7,10,0.0220075018126598,0.0180545316754683,0.0220040150178945,0.020345527791066,0.0217501407907902
"244",44,2,7,30,0.0253484475277697,0.0392614154997534,0.0215325554109157,0.0205831982782905,0.0211522776843517
"245",44,2,7,50,0.021620971467049,0.0264098921617107,0.0257991741106724,0.0223842966140071,0.0202725687537896
"246",44,2,7,70,0.0160813556219488,0.0221796222722793,0.0420265089532816,0.0433490049486201,0.0145331528941005
"247",44,2,7,90,0.0193516909835423,0.0267048500633432,0.00767271319377416,0.0202056008246993,0.0175121498812531
"248",42,7,6,5,0.033529461040103,0.033339912958726,0.033678176350057,0.0329647794023297,0.034199052442086
"249",42,7,6,10,0.0342952777903935,0.0173708291567692,0.0439087331141824,0.0338697497531729,0.0337437693669542
"250",42,7,6,30,0.028758928393543,0.0336259545981442,0.0220151404487353,0.0391553286664583,0.0332318044192212
"251",42,7,6,50,0.0273728211129563,0.0335961602287204,0.0299258219027314,0.0398137974454191,0.0291682319252333
"252",42,7,6,70,0.0397297692660969,0.0352480581550884,0.0345191807870876,0.0428365651929303,0.0394906714114178
"253",42,7,6,90,0.0353127990345688,0.0469234827786804,0.0351816701497431,0.039136741020906,0.0377536859054777
"254",31,3,5,5,0.0511162470258902,0.0510808369125846,0.0510817290484092,0.0511054040053604,0.0510803975635471
"255",31,3,5,10,0.0457699145578709,0.0438180689765007,0.0569769196481224,0.0510747469745319,0.0529626387802411
"256",31,3,5,30,0.0510387609486607,0.0404262498434717,0.0591000798209744,0.0526313799325202,0.0357277158435557
"257",31,3,5,50,0.0406098382497734,0.0603975920083065,0.057552331018366,0.0520437121691542,0.053064377078321
"258",31,3,5,70,0.0552666995160081,0.0585374166166023,0.0560877340611411,0.0544901337736165,0.0365180692483095
"259",31,3,5,90,0.0609451743272975,0.0531218126194883,0.0629659525414429,0.0620101245859924,0.0374863027110903
"260",41,6,6,5,0.0141165026147263,0.010071736701304,0.0143494927722094,0.0136389842863972,0.0137144003386177
"261",41,6,6,10,0.00771622700146048,0.0104014966613148,0.0106938568771166,0.0121090890627355,0.013599778947639
"262",41,6,6,30,0.00963935992915539,0.00962911647949095,0.0059552071414997,0.0132522090023977,0.0133759092161043
"263",41,6,6,50,0.00760832719657894,0.0103452291154692,0.00807356076746665,0.0284502914107855,0.00789621689836867
"264",41,6,6,70,0.025490400194915,0.00756242373574087,0.0311599148426474,0.00818012432990617,0.0204039856006517
"265",41,6,6,90,0.0138719341628616,0.0213708460742262,0.00948124525563087,0.00631508451375928,0.0152313887583084
"266",1,1,1,5,0.0939574819970149,0.0938879664542588,0.0928721467558934,0.0943611986326795,0.0938569704766022
"267",1,1,1,10,0.0970264971572582,0.0939764677020742,0.0939064341291611,0.0581456306411676,0.0938809536879623
"268",1,1,1,30,0.0969801087893804,0.104168425011944,0.0955659171718987,0.123262578495881,0.119116265232696
"269",1,1,1,50,0.0691619071584348,0.0922491997226619,0.0862817160266377,0.079574981842978,0.140094845295826
"270",1,1,1,70,0.0956979488730435,0.0537089193428026,0.0911786178740317,0.0490194005187851,0.119463636799182
"271",1,1,1,90,0.104853019277889,0.0528289844134094,0.11240379296871,0.0820336381706651,0.173181503976301
"272",49,7,7,5,NA,NA,NA,NA,NA
"273",49,7,7,10,NA,NA,NA,NA,NA
"274",49,7,7,30,NA,NA,NA,NA,NA
"275",49,7,7,50,NA,NA,NA,NA,NA
"276",49,7,7,70,NA,NA,NA,NA,NA
"277",49,7,7,90,NA,NA,NA,NA,NA
"278",38,3,6,5,0.0163952545920434,0.0099431614707437,0.0274787210073684,0.0172991948092288,0.0163978176878899
"279",38,3,6,10,0.0194057224637951,0.0162619557811208,0.0169635922304524,0.0163971162911179,0.0325648102833339
"280",38,3,6,30,0.0166888905829139,0.032061597319321,0.0459595498005037,0.00955663102384758,0.0164563168416553
"281",38,3,6,50,0.0301824628845742,0.0151419430189791,0.0584454114932781,0.015667150715359,0.0295468851378993
"282",38,3,6,70,0.020096646920992,0.0446648707214172,0.0112699307311066,0.0617688071372333,0.0146926420079425
"283",38,3,6,90,0.0152668571975108,0.064692313666484,0.0400905795949263,0.0693807673974668,0.0659417495689595
"284",21,7,3,5,0.016295976175906,0.0163594765478978,0.0190228343306443,0.0163567648056665,0.0160666672185729
"285",21,7,3,10,0.0167293300627112,0.0163535254007521,0.0162704102873728,0.0159545240376362,0.0166187603559296
"286",21,7,3,30,0.0160545480259806,0.0192932597767749,0.0148895177200684,0.00572407865896582,0.01309408289185
"287",21,7,3,50,0.0129250421329754,0.015600033969548,0.00122554830851054,0.0517179503883664,0.0116842204344928
"288",21,7,3,70,0.0295861846254348,0.0102901253890344,0.0176201043583734,0.00930999594916753,0.00887340449687733
"289",21,7,3,90,0.0144651116422159,0.0413795854574527,0.0042589446519344,0.011486961833491,0.0598693585591895
"290",6,6,1,5,NA,NA,NA,NA,NA
"291",6,6,1,10,NA,NA,NA,NA,NA
"292",6,6,1,30,NA,NA,NA,NA,NA
"293",6,6,1,50,NA,NA,NA,NA,NA
"294",6,6,1,70,NA,NA,NA,NA,NA
"295",6,6,1,90,NA,NA,NA,NA,NA
